%a
x0 = [-2,-1]
x = [-1.5591 -0.4207];
fval = [0.0311e-13 0.4974e-13];
jacobian = [0.8413    2.0000;-18.7089   -6.7305];
exitflag = 1;
iterations = 5

solution1.converged_x = -1.5591
solution1.converged_y = -0.4207 
solution1.first_function_value = 0.0311e-13
solution1.second_function_value = 0.4974e-13
solution1.jacobian_convergence_value = [0.8413    2.0000;-18.7089   -6.7305];
solution1.exit_flag = 1;
solution1.number_of_iterations = 5;

%b
x0 = [-3,200]
x = [-9.7770 -0.0000];
fval = [0.0002  557.5331];
jacobian = [2.269773040735726e-04    2.0000;-1.173234587451067e+02 -7.629394531250000e-06];
exitflag = 0;
iterations = 10

solution2.converged_x = -9.7770
solution2.converged_y = -0.0000 
solution2.first_function_value = 0.0002
solution2.second_function_value = 557.5331
solution2.jacobian_convergence_value =[2.269773040735726e-04    2.0000;-1.173234587451067e+02 -7.629394531250000e-06];
solution2.exit_flag = 0;
solution2.number_of_iterations = 10;
